0 0.194583 0.832812 0.242500 0.216875
0 0.271250 0.193438 0.172500 0.160625
0 0.445000 0.224062 0.136667 0.148125
0 0.699583 0.312188 0.107500 0.101875
0 0.947083 0.500313 0.105833 0.089375
0 0.955417 0.365312 0.089167 0.086875
0 0.947083 0.690312 0.105833 0.108125
0 0.772917 0.817187 0.162500 0.134375
1 0.096667 0.119688 0.185000 0.214375
1 0.643750 0.286250 0.234167 0.146250
1 0.444583 0.839063 0.230833 0.181875
1 0.705417 0.826562 0.285833 0.136875
1 0.848333 0.346875 0.178333 0.137500
1 0.906250 0.790312 0.187500 0.126875
