0 0.229167 0.609375 0.208333 0.196250
0 0.217500 0.478125 0.140000 0.146250
0 0.645000 0.405313 0.135000 0.149375
0 0.722083 0.539687 0.160833 0.168125
0 0.888333 0.740625 0.196667 0.217500
0 0.282917 0.340000 0.137500 0.126250
0 0.240000 0.412187 0.166667 0.131875
1 0.065000 0.594688 0.123333 0.139375
1 0.394167 0.733750 0.181667 0.155000
1 0.473333 0.607187 0.133333 0.120625
1 0.732500 0.762500 0.178333 0.153750
1 0.364583 0.481250 0.127500 0.111250
1 0.421667 0.401875 0.123333 0.096250
1 0.566250 0.500938 0.150833 0.099375
1 0.840833 0.573438 0.136667 0.110625
1 0.957500 0.674687 0.085000 0.141875
