1 0.05078125 0.7759259259259259 0.07447916666666667 0.17962962962962964
1 0.1625 0.44722222222222224 0.058333333333333334 0.13148148148148148
1 0.28828125 0.21944444444444444 0.04010416666666667 0.07592592592592592
1 0.44453125 0.06759259259259259 0.021354166666666667 0.03518518518518519
1 0.69453125 0.13796296296296295 0.0296875 0.05185185185185185
1 0.765625 0.225 0.03854166666666667 0.07222222222222222
1 0.9296875 0.7449074074074075 0.084375 0.18611111111111112
0 0.8854166666666666 0.3486111111111111 0.06666666666666667 0.17314814814814813
0 0.98359375 0.7060185185185185 0.0328125 0.1935185185185185
0 0.63515625 0.05925925925925926 0.0234375 0.06666666666666667
0 0.39947916666666666 0.05462962962962963 0.021875 0.05925925925925926
0 0.3567708333333333 0.10601851851851851 0.03125 0.09166666666666666