0 0.08359375 0.69921875 0.09375 0.209375
1 0.153125 0.75390625 0.07578125 0.1640625
1 0.2328125 0.47890625 0.04609375 0.08984375
1 0.30859375 0.4765625 0.04765625 0.090625
0 0.31328125 0.34296875 0.03828125 0.0984375
1 0.353125 0.3578125 0.0328125 0.05859375
1 0.38046875 0.296875 0.02265625 0.0390625
0 0.4984375 0.25703125 0.0234375 0.05859375
0 0.62578125 0.28046875 0.0265625 0.0609375
0 0.63203125 0.346875 0.034375 0.103125
0 0.69140625 0.34921875 0.03359375 0.10546875
0 0.71875 0.4265625 0.05390625 0.15
1 0.7671875 0.465625 0.040625 0.07890625
1 0.884375 0.6140625 0.05078125 0.11015625
1 0.99296875 0.92734375 0.0140625 0.09921875