1 0.05390625 0.7546875 0.07109375 0.159375
0 0.11484375 0.71328125 0.1078125 0.31484375
0 0.16875 0.4578125 0.07109375 0.16796875
0 0.26640625 0.43828125 0.07578125 0.1765625
1 0.284375 0.30625 0.03671875 0.07109375
1 0.3515625 0.30078125 0.03984375 0.07421875
1 0.36171875 0.21953125 0.028125 0.04921875
0 0.33515625 0.203125 0.03046875 0.08359375
0 0.3921875 0.14921875 0.01953125 0.06171875
1 0.43359375 0.16484375 0.0203125 0.03359375
0 0.49296875 0.12890625 0.02109375 0.0515625
0 0.6078125 0.14921875 0.021875 0.06171875
1 0.61953125 0.21328125 0.02890625 0.04609375
0 0.66171875 0.1953125 0.02890625 0.08515625
0 0.678125 0.24140625 0.03984375 0.10859375
1 0.7203125 0.2796875 0.034375 0.0609375
1 0.746875 0.34921875 0.04296875 0.08125
0 0.8203125 0.35625 0.05703125 0.15078125
0 0.88984375 0.55546875 0.08203125 0.2453125
1 0.94296875 0.609375 0.05625 0.128125