0 0.059895833333333336 0.6824074074074075 0.090625 0.2814814814814815
0 0.1640625 0.736574074074074 0.13645833333333332 0.24166666666666667
0 0.16953125 0.46111111111111114 0.07552083333333333 0.1685185185185185
1 0.25234375 0.47129629629629627 0.0609375 0.12037037037037036
1 0.28411458333333334 0.30925925925925923 0.03802083333333333 0.07037037037037037
0 0.34088541666666666 0.2708333333333333 0.043229166666666666 0.13240740740740742
0 0.33619791666666665 0.19027777777777777 0.030729166666666665 0.049074074074074076
0 0.36875 0.2013888888888889 0.03229166666666667 0.08796296296296297
0 0.3919270833333333 0.15555555555555556 0.021354166666666667 0.05925925925925926
1 0.43359375 0.16620370370370371 0.0203125 0.03425925925925926
0 0.49270833333333336 0.13240740740740742 0.020833333333333332 0.05185185185185185
0 0.6078125 0.15092592592592594 0.019791666666666666 0.06481481481481481
1 0.6192708333333333 0.21388888888888888 0.029166666666666667 0.04814814814814815
0 0.6611979166666667 0.19768518518518519 0.0296875 0.08796296296296297
1 0.675 0.27314814814814814 0.035416666666666666 0.06481481481481481
1 0.7192708333333333 0.28194444444444444 0.034375 0.06388888888888888
0 0.759375 0.3300925925925926 0.05 0.1398148148148148
1 0.8098958333333334 0.3837962962962963 0.042708333333333334 0.08611111111111111
1 0.9270833333333334 0.587037037037037 0.053125 0.12962962962962962
1 0.88671875 0.6259259259259259 0.06614583333333333 0.14814814814814814