1 0.06484375 0.84296875 0.08125 0.1859375
0 0.13359375 0.57734375 0.10390625 0.2140625
1 0.2890625 0.3078125 0.04609375 0.09140625
1 0.37109375 0.31015625 0.0515625 0.0984375
0 0.3640625 0.16875 0.03828125 0.09296875
0 0.4359375 0.10390625 0.021875 0.0640625
1 0.4828125 0.12265625 0.02265625 0.03828125
0 0.678125 0.1234375 0.02578125 0.0734375
1 0.69609375 0.20625 0.03359375 0.05859375
0 0.7453125 0.19296875 0.03359375 0.10546875
1 0.81875 0.3171875 0.040625 0.08046875
1 0.86171875 0.43125 0.05078125 0.109375
0 0.94296875 0.46328125 0.071875 0.1890625
0 0.98515625 0.8875 0.0296875 0.15625