0 0.04010416666666667 0.8384259259259259 0.08020833333333334 0.23425925925925925
1 0.17552083333333332 0.48935185185185187 0.0625 0.13796296296296295
1 0.36432291666666666 0.2800925925925926 0.049479166666666664 0.08981481481481482
1 0.37604166666666666 0.16527777777777777 0.03125 0.05648148148148148
1 0.471875 0.10648148148148148 0.022916666666666665 0.037037037037037035
1 0.6791666666666667 0.18101851851851852 0.03229166666666667 0.05648148148148148
1 0.796875 0.28379629629629627 0.03854166666666667 0.07685185185185185
1 0.8372395833333334 0.387037037037037 0.0484375 0.1037037037037037
1 0.95859375 0.8342592592592593 0.0828125 0.18888888888888888
0 0.9182291666666667 0.41574074074074074 0.06770833333333333 0.18333333333333332
0 0.7270833333333333 0.16944444444444445 0.03333333333333333 0.10185185185185185
0 0.6638020833333333 0.10555555555555556 0.024479166666666666 0.06851851851851852
0 0.4265625 0.09074074074074075 0.022916666666666665 0.06296296296296296
0 0.30885416666666665 0.2412037037037037 0.051041666666666666 0.13055555555555556