0 0.11796875 0.5375 0.0859375 0.275
0 0.25703125 0.3265625 0.06875 0.15703125
1 0.32421875 0.35546875 0.05703125 0.1109375
1 0.3515625 0.21015625 0.03671875 0.06484375
1 0.41640625 0.20546875 0.0375 0.06796875
0 0.40390625 0.11953125 0.0328125 0.0765625
1 0.4375 0.134375 0.02734375 0.04453125
1 0.453125 0.09140625 0.01953125 0.03125
0 0.55703125 0.0640625 0.02109375 0.0546875
0 0.67265625 0.1265625 0.02734375 0.11328125
0 0.7203125 0.15 0.02734375 0.08359375
0 0.73515625 0.20390625 0.04375 0.1109375
1 0.77421875 0.2421875 0.03359375 0.06171875
1 0.85546875 0.35078125 0.03984375 0.08359375
1 0.95234375 0.56171875 0.05234375 0.125