1 0.06458333333333334 0.8430555555555556 0.08125 0.18611111111111112
0 0.13333333333333333 0.5773148148148148 0.10416666666666667 0.21388888888888888
1 0.28932291666666665 0.30787037037037035 0.04635416666666667 0.09166666666666666
1 0.37109375 0.3101851851851852 0.0515625 0.09814814814814815
0 0.36432291666666666 0.1685185185185185 0.03802083333333333 0.09259259259259259
0 0.4359375 0.10416666666666667 0.021875 0.06388888888888888
1 0.4828125 0.12268518518518519 0.022916666666666665 0.03796296296296296
0 0.6783854166666666 0.12361111111111112 0.025520833333333333 0.07314814814814814
1 0.69609375 0.20601851851851852 0.033854166666666664 0.058333333333333334
0 0.7450520833333333 0.1925925925925926 0.033854166666666664 0.10555555555555556
1 0.81875 0.31712962962962965 0.040625 0.08055555555555556
1 0.86171875 0.43148148148148147 0.050520833333333334 0.10925925925925926
0 0.9432291666666667 0.46296296296296297 0.071875 0.18888888888888888
0 0.9856770833333334 0.887962962962963 0.028645833333333332 0.15555555555555556