0 0.025 0.76484375 0.05 0.2578125
0 0.1390625 0.43671875 0.0859375 0.175
1 0.2078125 0.459375 0.06640625 0.14296875
1 0.26640625 0.23671875 0.04140625 0.0796875
1 0.3375 0.2234375 0.0453125 0.0796875
0 0.33515625 0.11796875 0.0375 0.0859375
1 0.37265625 0.1265625 0.03125 0.05078125
1 0.3953125 0.07265625 0.0203125 0.03828125
0 0.509375 0.03359375 0.021875 0.05390625
0 0.63203125 0.0609375 0.02421875 0.059375
0 0.63515625 0.1140625 0.03046875 0.0890625
0 0.690625 0.11953125 0.0296875 0.0953125
0 0.71171875 0.1859375 0.05078125 0.1296875
1 0.75703125 0.228125 0.03671875 0.07109375
1 0.859375 0.36875 0.046875 0.10078125
1 0.975 0.66171875 0.05 0.1484375