1 0.15651041666666668 0.5643518518518519 0.06614583333333333 0.14722222222222223
1 0.9627604166666667 0.5949074074074074 0.05364583333333333 0.1287037037037037
1 0.7799479166666666 0.31296296296296294 0.0421875 0.08148148148148149
1 0.7552083333333334 0.24305555555555555 0.03333333333333333 0.062037037037037036
1 0.6567708333333333 0.16805555555555557 0.027083333333333334 0.04537037037037037
1 0.47161458333333334 0.10833333333333334 0.019270833333333334 0.03148148148148148
1 0.3888020833333333 0.23796296296296296 0.04010416666666667 0.07222222222222222
1 0.32083333333333336 0.24212962962962964 0.0375 0.06759259259259259
0 0.21744791666666666 0.3912037037037037 0.0734375 0.1638888888888889
0 0.3731770833333333 0.1439814814814815 0.0296875 0.075
0 0.43020833333333336 0.09259259259259259 0.01875 0.05740740740740741
0 0.6466145833333333 0.1050925925925926 0.021354166666666667 0.058333333333333334
0 0.6981770833333333 0.15462962962962962 0.027604166666666666 0.08703703703703704
0 0.8515625 0.3296296296296296 0.05625 0.14629629629629629
0 0.9122395833333333 0.5305555555555556 0.08072916666666667 0.24259259259259258