1 0.12421875 0.575 0.06953125 0.159375
1 0.22578125 0.340625 0.05078125 0.10546875
1 0.32421875 0.18125 0.03515625 0.0640625
1 0.45546875 0.06171875 0.0203125 0.03203125
1 0.68203125 0.1234375 0.02734375 0.04609375
1 0.7421875 0.19140625 0.03515625 0.06171875
1 0.86640625 0.546875 0.07109375 0.1546875
0 0.9484375 0.50625 0.07421875 0.234375
0 0.8390625 0.278125 0.05859375 0.14609375
0 0.63125 0.0546875 0.02265625 0.06328125
0 0.378125 0.09140625 0.0296875 0.084375
0 0.4140625 0.04921875 0.0203125 0.05625