1 0.15625 0.5640625 0.06640625 0.146875
1 0.9625 0.59453125 0.05390625 0.12890625
1 0.7796875 0.31328125 0.0421875 0.08125
1 0.75546875 0.24296875 0.03359375 0.06171875
1 0.65703125 0.16796875 0.02734375 0.0453125
1 0.471875 0.10859375 0.01953125 0.03125
1 0.3890625 0.23828125 0.03984375 0.071875
1 0.32109375 0.2421875 0.0375 0.06796875
0 0.2171875 0.39140625 0.0734375 0.1640625
0 0.3734375 0.14375 0.0296875 0.075
0 0.43046875 0.09296875 0.01875 0.05703125
0 0.646875 0.10546875 0.02109375 0.05859375
0 0.6984375 0.1546875 0.02734375 0.08671875
0 0.8515625 0.3296875 0.05625 0.14609375
0 0.9125 0.53046875 0.08046875 0.24296875