0 0.0859375 0.7546875 0.11171875 0.209375
1 0.22734375 0.54375 0.05390625 0.10625
1 0.37421875 0.409375 0.0421875 0.07421875
0 0.325 0.3734375 0.040625 0.11640625
1 0.37578125 0.321875 0.02578125 0.04609375
0 0.41640625 0.25703125 0.02109375 0.06015625
1 0.4578125 0.27421875 0.01953125 0.03359375
0 0.63125 0.26328125 0.02265625 0.0640625
1 0.6421875 0.328125 0.0296875 0.046875
0 0.6828125 0.31171875 0.02734375 0.08828125
1 0.74140625 0.39609375 0.034375 0.0640625
1 0.76796875 0.4640625 0.0421875 0.08046875
0 0.83984375 0.4671875 0.05546875 0.153125
1 0.8703125 0.73828125 0.0703125 0.15078125
0 0.95234375 0.67109375 0.07421875 0.23203125