0 0.08333333333333333 0.6990740740740741 0.09375 0.20925925925925926
1 0.15338541666666666 0.7541666666666667 0.07552083333333333 0.1638888888888889
1 0.23255208333333333 0.4791666666666667 0.04635416666666667 0.08981481481481482
1 0.30859375 0.47685185185185186 0.04739583333333333 0.09074074074074075
0 0.31354166666666666 0.3425925925925926 0.03854166666666667 0.09814814814814815
1 0.3533854166666667 0.3578703703703704 0.0328125 0.058333333333333334
1 0.3802083333333333 0.2972222222222222 0.022916666666666665 0.03888888888888889
0 0.4986979166666667 0.2569444444444444 0.0234375 0.058333333333333334
0 0.62578125 0.28055555555555556 0.0265625 0.06111111111111111
0 0.6322916666666667 0.34675925925925927 0.034375 0.10277777777777777
0 0.6911458333333333 0.3490740740740741 0.03333333333333333 0.10555555555555556
0 0.71875 0.42685185185185187 0.05416666666666667 0.15
1 0.7671875 0.4652777777777778 0.040625 0.0787037037037037
1 0.8846354166666667 0.6143518518518518 0.050520833333333334 0.11018518518518519
1 0.99296875 0.9273148148148148 0.0140625 0.09907407407407408