0 0.115625 0.53671875 0.08828125 0.275
0 0.25703125 0.3265625 0.06875 0.15546875
1 0.3234375 0.35625 0.0578125 0.11171875
1 0.35234375 0.209375 0.0375 0.065625
1 0.4171875 0.20390625 0.03984375 0.0640625
0 0.403125 0.11953125 0.03203125 0.078125
1 0.4375 0.134375 0.0265625 0.04296875
1 0.45234375 0.09140625 0.0203125 0.03125
0 0.55703125 0.0640625 0.021875 0.05078125
0 0.671875 0.13984375 0.02734375 0.0921875
0 0.7203125 0.15078125 0.02890625 0.08359375
0 0.73515625 0.203125 0.04296875 0.10859375
1 0.775 0.24140625 0.03203125 0.0609375
1 0.85546875 0.35 0.03984375 0.08359375
1 0.95234375 0.5609375 0.05078125 0.12421875