0 0.03984375 0.8375 0.0796875 0.234375
1 0.17578125 0.4890625 0.0625 0.13828125
1 0.3640625 0.28046875 0.04921875 0.08984375
1 0.37578125 0.165625 0.03125 0.05625
1 0.471875 0.10625 0.02265625 0.03671875
1 0.67890625 0.18125 0.03203125 0.05625
1 0.796875 0.28359375 0.03828125 0.0765625
1 0.8375 0.38671875 0.0484375 0.10390625
1 0.95859375 0.834375 0.0828125 0.1890625
0 0.91796875 0.415625 0.06796875 0.18359375
0 0.72734375 0.16953125 0.03359375 0.1015625
0 0.6640625 0.10546875 0.02421875 0.06875
0 0.4265625 0.090625 0.02265625 0.06328125
0 0.30859375 0.24140625 0.05078125 0.13046875