1 0.121875 0.9296875 0.06875 0.140625
1 0.2296875 0.75703125 0.0515625 0.10078125
1 0.32734375 0.621875 0.03671875 0.06484375
1 0.4578125 0.515625 0.01953125 0.034375
1 0.6796875 0.56875 0.02734375 0.0484375
1 0.73828125 0.628125 0.034375 0.0609375
1 0.86640625 0.934375 0.06875 0.13125
0 0.94765625 0.846875 0.071875 0.228125
0 0.8359375 0.68203125 0.05546875 0.1546875
0 0.62890625 0.50390625 0.02265625 0.06484375
0 0.41640625 0.49609375 0.01953125 0.06171875
0 0.3828125 0.53671875 0.0296875 0.0890625