0 0.06015625 0.68203125 0.090625 0.28125
0 0.1640625 0.73671875 0.13671875 0.24140625
0 0.16953125 0.4609375 0.07578125 0.16875
1 0.25234375 0.47109375 0.0609375 0.1203125
1 0.284375 0.309375 0.03828125 0.0703125
0 0.340625 0.27109375 0.04296875 0.13203125
0 0.3359375 0.190625 0.03046875 0.04921875
0 0.36875 0.2015625 0.03203125 0.08828125
0 0.3921875 0.15546875 0.02109375 0.059375
1 0.43359375 0.16640625 0.0203125 0.034375
0 0.49296875 0.13203125 0.02109375 0.0515625
0 0.6078125 0.15078125 0.01953125 0.06484375
1 0.61953125 0.2140625 0.02890625 0.0484375
0 0.6609375 0.19765625 0.0296875 0.08828125
1 0.675 0.2734375 0.03515625 0.06484375
1 0.71953125 0.28203125 0.034375 0.0640625
0 0.759375 0.33046875 0.05 0.13984375
1 0.81015625 0.38359375 0.04296875 0.0859375
1 0.92734375 0.58671875 0.053125 0.1296875
1 0.88671875 0.62578125 0.06640625 0.1484375