0 0.0796875 0.73125 0.08203125 0.18671875
1 0.1640625 0.76640625 0.06640625 0.14140625
1 0.21875 0.54453125 0.04140625 0.08046875
0 0.27734375 0.51171875 0.04609375 0.1515625
0 0.28359375 0.4109375 0.03515625 0.0703125
0 0.31640625 0.41953125 0.03515625 0.1
0 0.346875 0.3609375 0.02109375 0.06484375
1 0.3890625 0.37890625 0.02109375 0.03671875
0 0.45390625 0.33984375 0.02421875 0.05546875
0 0.575 0.35859375 0.025 0.06875
1 0.58828125 0.4328125 0.03125 0.053125
0 0.634375 0.409375 0.0328125 0.0984375
1 0.6546875 0.50234375 0.04140625 0.07109375
1 0.7046875 0.50390625 0.03984375 0.0703125
0 0.75625 0.56171875 0.0578125 0.16796875
1 0.81328125 0.615625 0.04765625 0.09609375
1 0.959375 0.83203125 0.0578125 0.13203125
1 0.921875 0.91484375 0.07578125 0.16328125