1 0.15364583333333334 0.47685185185185186 0.06041666666666667 0.13518518518518519
1 0.246875 0.47175925925925927 0.07395833333333333 0.15092592592592594
1 0.34296875 0.22916666666666666 0.0421875 0.075
1 0.3893229166666667 0.1310185185185185 0.0265625 0.04351851851851852
1 0.90234375 0.4685185185185185 0.049479166666666664 0.11481481481481481
0 0.8528645833333334 0.4115740740740741 0.0828125 0.21203703703703702
0 0.7890625 0.24861111111111112 0.04479166666666667 0.1398148148148148
0 0.7184895833333333 0.23287037037037037 0.0453125 0.13055555555555556
0 0.6919270833333333 0.13333333333333333 0.0296875 0.08888888888888889
0 0.5359375 0.07824074074074074 0.027083333333333334 0.06759259259259259
0 0.28932291666666665 0.21712962962962962 0.049479166666666664 0.1175925925925926