1 0.05364583333333333 0.7546296296296297 0.07083333333333333 0.15925925925925927
0 0.11484375 0.7129629629629629 0.1078125 0.3148148148148148
0 0.16901041666666666 0.45787037037037037 0.07135416666666666 0.1675925925925926
0 0.26666666666666666 0.43842592592592594 0.07604166666666666 0.17685185185185184
1 0.284375 0.3060185185185185 0.036458333333333336 0.0712962962962963
1 0.35182291666666665 0.30092592592592593 0.04010416666666667 0.07407407407407407
1 0.3619791666666667 0.2199074074074074 0.028125 0.049074074074074076
0 0.33515625 0.20277777777777778 0.030729166666666665 0.08333333333333333
0 0.3921875 0.14953703703703702 0.019791666666666666 0.062037037037037036
1 0.43359375 0.1648148148148148 0.0203125 0.03333333333333333
0 0.49322916666666666 0.1287037037037037 0.020833333333333332 0.05185185185185185
0 0.6078125 0.14953703703703702 0.021875 0.062037037037037036
1 0.6192708333333333 0.21296296296296297 0.029166666666666667 0.046296296296296294
0 0.66171875 0.19537037037037036 0.028645833333333332 0.08518518518518518
0 0.6783854166666666 0.2412037037037037 0.04010416666666667 0.10833333333333334
1 0.7203125 0.2796296296296296 0.034375 0.06111111111111111
1 0.7471354166666667 0.3490740740740741 0.043229166666666666 0.08148148148148149
0 0.8203125 0.3560185185185185 0.057291666666666664 0.15092592592592594
0 0.8901041666666667 0.5550925925925926 0.08229166666666667 0.24537037037037038
1 0.9432291666666667 0.6092592592592593 0.05625 0.12777777777777777