1 0.05078125 0.77578125 0.07421875 0.1796875
1 0.1625 0.446875 0.05859375 0.13125
1 0.28828125 0.21953125 0.03984375 0.07578125
1 0.44453125 0.06796875 0.02109375 0.03515625
1 0.69453125 0.13828125 0.0296875 0.0515625
1 0.765625 0.225 0.03828125 0.071875
1 0.9296875 0.74453125 0.084375 0.1859375
0 0.88515625 0.3484375 0.06640625 0.1734375
0 0.98359375 0.70625 0.0328125 0.19375
0 0.63515625 0.059375 0.0234375 0.06640625
0 0.39921875 0.0546875 0.021875 0.059375
0 0.35703125 0.10625 0.03125 0.09140625