0 0.025260416666666667 0.7657407407407407 0.050520833333333334 0.2574074074074074
0 0.13880208333333333 0.43657407407407406 0.0859375 0.175
1 0.20807291666666666 0.45925925925925926 0.06614583333333333 0.1425925925925926
1 0.26666666666666666 0.23703703703703705 0.041666666666666664 0.07962962962962963
1 0.3377604166666667 0.22314814814814815 0.0453125 0.07962962962962963
0 0.33489583333333334 0.11805555555555555 0.0375 0.08611111111111111
1 0.3729166666666667 0.12638888888888888 0.03125 0.05092592592592592
1 0.39505208333333336 0.07268518518518519 0.0203125 0.03796296296296296
0 0.509375 0.03333333333333333 0.021875 0.053703703703703705
0 0.6317708333333333 0.06111111111111111 0.023958333333333335 0.05925925925925926
0 0.6348958333333333 0.11388888888888889 0.030208333333333334 0.08888888888888889
0 0.6903645833333333 0.11990740740740741 0.0296875 0.09537037037037037
0 0.7114583333333333 0.18611111111111112 0.051041666666666666 0.12962962962962962
1 0.7567708333333333 0.22824074074074074 0.036458333333333336 0.0712962962962963
1 0.859375 0.36898148148148147 0.046875 0.10092592592592593
1 0.9755208333333333 0.6625 0.04895833333333333 0.14907407407407408