1 0.05651041666666667 0.8986111111111111 0.07135416666666666 0.1638888888888889
0 0.23463541666666668 0.5449074074074074 0.0671875 0.16018518518518518
1 0.340625 0.4393518518518518 0.03854166666666667 0.0712962962962963
1 0.40390625 0.34120370370370373 0.025520833333333333 0.041666666666666664
1 0.42942708333333335 0.30648148148148147 0.019270833333333334 0.03333333333333333
1 0.63125 0.31574074074074077 0.014583333333333334 0.03333333333333333
0 0.6466145833333333 0.3189814814814815 0.030729166666666665 0.0712962962962963
1 0.6859375 0.3685185185185185 0.027083333333333334 0.046296296296296294
0 0.7533854166666667 0.42083333333333334 0.044270833333333336 0.1175925925925926
1 0.8317708333333333 0.5680555555555555 0.046875 0.09537037037037037
0 0.9643229166666667 0.7777777777777778 0.07135416666666666 0.1814814814814815