1 0.16536458333333334 0.5185185185185185 0.07239583333333334 0.1574074074074074
0 0.3171875 0.20277777777777778 0.058333333333333334 0.1388888888888889
1 0.39453125 0.12546296296296297 0.0359375 0.06018518518518518
1 0.4395833333333333 0.04953703703703704 0.022916666666666665 0.03796296296296296
1 0.4591145833333333 0.022222222222222223 0.019270833333333334 0.02962962962962963
1 0.65234375 0.0375 0.016145833333333335 0.032407407407407406
0 0.6682291666666667 0.040740740740740744 0.025 0.06666666666666667
1 0.70390625 0.08425925925925926 0.025520833333333333 0.044444444444444446
0 0.7640625 0.13287037037037036 0.03958333333333333 0.09907407407407408
1 0.8291666666666667 0.2550925925925926 0.040625 0.0824074074074074
0 0.9484375 0.4393518518518518 0.07604166666666666 0.15833333333333333