1 0.19401041666666666 0.8837962962962963 0.06510416666666667 0.13055555555555556
1 0.39739583333333334 0.6157407407407407 0.03229166666666667 0.05925925925925926
1 0.43723958333333335 0.5449074074074074 0.0203125 0.03796296296296296
1 0.4549479166666667 0.5180555555555556 0.018229166666666668 0.030555555555555555
1 0.6359375 0.5236111111111111 0.0125 0.028703703703703703
1 0.68359375 0.5606481481481481 0.0234375 0.03981481481481482
1 0.7958333333333333 0.6819444444444445 0.0375 0.06944444444444445
0 0.9052083333333333 0.7726851851851851 0.06666666666666667 0.15833333333333333
0 0.7375 0.5888888888888889 0.036458333333333336 0.09814814814814815
0 0.65078125 0.5226851851851851 0.024479166666666666 0.06388888888888888
0 0.3294270833333333 0.6671296296296296 0.0515625 0.13796296296296295