1 0.12291666666666666 0.9300925925925926 0.06979166666666667 0.1398148148148148
1 0.22942708333333334 0.7569444444444444 0.0515625 0.10092592592592593
1 0.32760416666666664 0.6222222222222222 0.036458333333333336 0.06481481481481481
1 0.4578125 0.5152777777777777 0.019791666666666666 0.03425925925925926
1 0.6794270833333333 0.5685185185185185 0.027604166666666666 0.04814814814814815
1 0.7380208333333333 0.6277777777777778 0.034375 0.06111111111111111
1 0.8661458333333333 0.9342592592592592 0.06875 0.13148148148148148
0 0.9479166666666666 0.8472222222222222 0.071875 0.22777777777777777
0 0.8359375 0.6819444444444445 0.05520833333333333 0.15462962962962962
0 0.62890625 0.5037037037037037 0.022395833333333334 0.06481481481481481
0 0.4166666666666667 0.49583333333333335 0.019791666666666666 0.062037037037037036
0 0.38255208333333335 0.5370370370370371 0.0296875 0.08888888888888889