1 0.12395833333333334 0.575 0.06979166666666667 0.15925925925925927
1 0.22604166666666667 0.34074074074074073 0.051041666666666666 0.10555555555555556
1 0.32395833333333335 0.18101851851851852 0.035416666666666666 0.06388888888888888
1 0.45546875 0.06157407407407407 0.0203125 0.032407407407407406
1 0.6817708333333333 0.12314814814814815 0.027083333333333334 0.046296296296296294
1 0.7419270833333333 0.1912037037037037 0.034895833333333334 0.062037037037037036
1 0.86640625 0.5467592592592593 0.07135416666666666 0.15462962962962962
0 0.9486979166666667 0.5060185185185185 0.07447916666666667 0.23425925925925925
0 0.8393229166666667 0.2777777777777778 0.058854166666666666 0.14629629629629629
0 0.6309895833333333 0.05462962962962963 0.022395833333333334 0.06296296296296296
0 0.37838541666666664 0.0912037037037037 0.0296875 0.08425925925925926
0 0.41380208333333335 0.04953703703703704 0.0203125 0.05648148148148148