0 0.115625 0.5365740740740741 0.08854166666666667 0.275
0 0.25729166666666664 0.32685185185185184 0.06875 0.15555555555555556
1 0.32369791666666664 0.3560185185185185 0.0578125 0.11203703703703703
1 0.35208333333333336 0.20972222222222223 0.0375 0.06574074074074074
1 0.4171875 0.20416666666666666 0.03958333333333333 0.06388888888888888
0 0.40338541666666666 0.11944444444444445 0.03177083333333333 0.07777777777777778
1 0.43723958333333335 0.13425925925925927 0.0265625 0.04259259259259259
1 0.45234375 0.09166666666666666 0.0203125 0.03148148148148148
0 0.5567708333333333 0.06435185185185185 0.021875 0.05092592592592592
0 0.6716145833333333 0.13977777777777778 0.027604166666666666 0.09202777777777778
0 0.7205729166666667 0.15092592592592594 0.028645833333333332 0.08333333333333333
0 0.73515625 0.20324074074074075 0.043229166666666666 0.10833333333333334
1 0.7747395833333334 0.24166666666666667 0.03177083333333333 0.06111111111111111
1 0.8552083333333333 0.35 0.03958333333333333 0.08333333333333333
1 0.9526041666666667 0.5611111111111111 0.051041666666666666 0.12407407407407407