0 0.11796875 0.5375 0.0859375 0.275
0 0.25729166666666664 0.32685185185185184 0.06875 0.1574074074074074
1 0.32395833333333335 0.35555555555555557 0.057291666666666664 0.1111111111111111
1 0.35182291666666665 0.2101851851851852 0.03697916666666667 0.06481481481481481
1 0.4166666666666667 0.2050925925925926 0.0375 0.06759259259259259
0 0.40390625 0.11990740740740741 0.0328125 0.07685185185185185
1 0.4375 0.13425925925925927 0.027083333333333334 0.044444444444444446
1 0.45286458333333335 0.09166666666666666 0.019270833333333334 0.03148148148148148
0 0.5572916666666666 0.06435185185185185 0.020833333333333332 0.05462962962962963
0 0.67265625 0.12685185185185185 0.027604166666666666 0.11296296296296296
0 0.7200520833333334 0.15 0.027604166666666666 0.08333333333333333
0 0.7354166666666667 0.2037037037037037 0.04375 0.1111111111111111
1 0.7744791666666667 0.24212962962962964 0.03333333333333333 0.062037037037037036
1 0.8557291666666667 0.3509259259259259 0.03958333333333333 0.08333333333333333
1 0.9526041666666667 0.5615740740740741 0.052083333333333336 0.125