0 0.0859375 0.7546296296296297 0.11145833333333334 0.20925925925925926
1 0.22708333333333333 0.5439814814814815 0.05416666666666667 0.10648148148148148
1 0.37421875 0.40925925925925927 0.0421875 0.07407407407407407
0 0.325 0.3731481481481482 0.040625 0.11666666666666667
1 0.37604166666666666 0.32222222222222224 0.026041666666666668 0.046296296296296294
0 0.4166666666666667 0.2569444444444444 0.020833333333333332 0.06018518518518518
1 0.4578125 0.2740740740740741 0.019791666666666666 0.03333333333333333
0 0.6315104166666666 0.26342592592592595 0.022395833333333334 0.06388888888888888
1 0.6419270833333334 0.3282407407407407 0.0296875 0.04722222222222222
0 0.6830729166666667 0.31157407407407406 0.027604166666666666 0.08796296296296297
1 0.7411458333333333 0.3958333333333333 0.034375 0.06388888888888888
1 0.76796875 0.46435185185185185 0.0421875 0.08055555555555556
0 0.8401041666666667 0.4671296296296296 0.05520833333333333 0.1527777777777778
1 0.8705729166666667 0.7384259259259259 0.0703125 0.15092592592592594
0 0.9526041666666667 0.6708333333333333 0.07395833333333333 0.2324074074074074