0 0.07942708333333333 0.7314814814814815 0.08177083333333333 0.18703703703703703
1 0.16432291666666668 0.7662037037037037 0.06614583333333333 0.14166666666666666
1 0.21875 0.5449074074074074 0.041666666666666664 0.08055555555555556
0 0.27708333333333335 0.5120370370370371 0.04583333333333333 0.15185185185185185
0 0.2838541666666667 0.4111111111111111 0.035416666666666666 0.07037037037037037
0 0.31666666666666665 0.41944444444444445 0.035416666666666666 0.1
0 0.346875 0.3611111111111111 0.020833333333333332 0.06481481481481481
1 0.3890625 0.3787037037037037 0.020833333333333332 0.037037037037037035
0 0.45364583333333336 0.3398148148148148 0.023958333333333335 0.05555555555555555
0 0.575 0.35833333333333334 0.025 0.06851851851851852
1 0.5885416666666666 0.43287037037037035 0.03125 0.05277777777777778
0 0.6346354166666667 0.40925925925925927 0.0328125 0.09814814814814815
1 0.6544270833333333 0.5023148148148148 0.04114583333333333 0.0712962962962963
1 0.7044270833333334 0.5037037037037037 0.04010416666666667 0.07037037037037037
0 0.7565104166666666 0.5615740740740741 0.0578125 0.1675925925925926
1 0.8135416666666667 0.6157407407407407 0.04791666666666667 0.0962962962962963
1 0.9596354166666666 0.8319444444444445 0.0578125 0.13240740740740742
1 0.9216145833333333 0.9148148148148149 0.07552083333333333 0.16296296296296298